 BORN EFFECTIVE CHARGES (including local field effects) (in |e|, cummulative output)
 ---------------------------------------------------------------------------------
 ion    1
    1     4.25959     0.00053     0.00008
    2    -0.00022     6.96356     0.30684
    3    -0.00005    -0.23472     4.94319
 ion    2
    1     4.25938     0.00061    -0.00002
    2    -0.00021     6.96324    -0.30787
    3     0.00013     0.23712     4.94245
 ion    3
    1     3.92273     0.00012    -0.00014
    2    -0.00019     3.62025     0.61322
    3     0.00020     0.63515     5.83972
 ion    4
    1     3.92251    -0.00018     0.00021
    2    -0.00023     3.62224    -0.61506
    3    -0.00027    -0.63453     5.83949
 ion    5
    1     8.20042    -0.55045     1.83435
    2    -0.09078     8.63843     0.90491
    3    -0.39565    -1.14547     5.93230
 ion    6
    1     8.20079    -0.55091    -1.83617
    2    -0.09458     8.63636    -0.91787
    3     0.39656     1.15499     5.93009
 ion    7
    1     8.20060     0.55584     1.83338
    2     0.09037     8.63515    -0.91922
    3    -0.39602     1.15526     5.93039
 ion    8
    1     8.20046     0.55723    -1.83560
    2     0.08610     8.63734     0.90591
    3     0.39646    -1.14549     5.93199
 ion    9
    1    -7.34852    -0.00183     0.00055
    2     0.00129    -2.61732    -1.12979
    3    -0.00037    -0.67177    -3.00586
 ion   10
    1    -7.34939    -0.00122     0.00078
    2     0.00118    -2.61758     1.13144
    3    -0.00033     0.67192    -3.00422
 ion   11
    1    -6.30368    -0.00111     0.00117
    2     0.00152    -3.52164     1.00301
    3    -0.00014     0.14616    -4.30512
 ion   12
    1    -6.30436    -0.00177     0.00020
    2     0.00160    -3.52269    -1.00282
    3    -0.00011    -0.14594    -4.30512
 ion   13
    1    -2.79076    -0.85163    -0.09406
    2    -0.74102    -5.87732     1.63552
    3     0.34414     1.33240    -3.72551
 ion   14
    1    -2.79098    -0.85124     0.09390
    2    -0.74009    -5.87662    -1.62893
    3    -0.34449    -1.33817    -3.72677
 ion   15
    1    -2.79083     0.85040    -0.09511
    2     0.74090    -5.87621    -1.62842
    3     0.34560    -1.33832    -3.72680
 ion   16
    1    -2.79139     0.84881     0.09608
    2     0.74243    -5.87714     1.63535
    3    -0.34538     1.33285    -3.72555
 ion   17
    1    -2.67439    -0.07237    -0.02453
    2     0.16169    -4.98292     2.06937
    3    -0.05139     0.89738    -3.94053
 ion   18
    1    -2.67418    -0.07205     0.02498
    2     0.16067    -4.98227    -2.06262
    3     0.05180    -0.90287    -3.94156
 ion   19
    1    -2.67352     0.07093    -0.02682
    2    -0.16001    -4.98226    -2.06252
    3    -0.05092    -0.90295    -3.94162
 ion   20
    1    -2.67446     0.07027     0.02676
    2    -0.16041    -4.98260     2.06954
    3     0.05022     0.89699    -3.94096