 BORN EFFECTIVE CHARGES (including local field effects) (in |e|, cummulative output)
 ---------------------------------------------------------------------------------
 ion    1
    1     3.87443     0.59316     0.96295
    2     0.26035     3.85825    -0.49434
    3    -0.26805    -0.78541     3.69249
 ion    2
    1     3.87443    -0.59316    -0.96295
    2    -0.26035     3.85825    -0.49434
    3     0.26805    -0.78541     3.69249
 ion    3
    1     3.87443    -0.59316     0.96295
    2    -0.26035     3.85825     0.49434
    3    -0.26805     0.78541     3.69249
 ion    4
    1     3.87443     0.59316    -0.96295
    2     0.26035     3.85825     0.49434
    3     0.26805     0.78541     3.69249
 ion    5
    1     7.64134     0.15206    -0.68953
    2     1.69038     9.61825     1.74837
    3    -1.86411    -0.41984     8.14362
 ion    6
    1     7.64134    -0.15206     0.68953
    2    -1.69038     9.61825     1.74837
    3     1.86411    -0.41984     8.14362
 ion    7
    1     7.64134    -0.15206    -0.68953
    2    -1.69038     9.61825    -1.74837
    3    -1.86411     0.41984     8.14362
 ion    8
    1     7.64134     0.15206     0.68953
    2     1.69038     9.61825    -1.74837
    3     1.86411     0.41984     8.14362
 ion    9
    1    -3.75134     1.58804    -0.12180
    2     1.76032    -5.47700     0.80808
    3    -0.45426     1.04833    -2.87217
 ion   10
    1    -3.75134    -1.58804     0.12180
    2    -1.76032    -5.47700     0.80808
    3     0.45426     1.04833    -2.87217
 ion   11
    1    -2.70263    -0.27059     0.73183
    2    -0.17264    -2.80996    -0.25158
    3     1.14168    -0.60150    -6.77235
 ion   12
    1    -2.70263     0.27059    -0.73183
    2     0.17264    -2.80996    -0.25158
    3    -1.14168    -0.60150    -6.77235
 ion   13
    1    -3.75134    -1.58804    -0.12180
    2    -1.76032    -5.47700    -0.80808
    3    -0.45426    -1.04833    -2.87217
 ion   14
    1    -3.75134     1.58804     0.12180
    2     1.76032    -5.47700    -0.80808
    3     0.45426    -1.04833    -2.87217
 ion   15
    1    -2.70263    -0.27059    -0.73183
    2    -0.17264    -2.80996     0.25158
    3    -1.14168     0.60150    -6.77235
 ion   16
    1    -2.70263     0.27059     0.73183
    2     0.17264    -2.80996     0.25158
    3     1.14168     0.60150    -6.77235
 ion   17
    1    -5.06181     2.38919    -0.51920
    2     3.04019    -5.18953     0.33009
    3     0.15989    -0.19606    -2.19158
 ion   18
    1    -5.06181    -2.38919     0.51920
    2    -3.04019    -5.18953     0.33009
    3    -0.15989    -0.19606    -2.19158
 ion   19
    1    -5.06181    -2.38919    -0.51920
    2    -3.04019    -5.18953    -0.33009
    3     0.15989     0.19606    -2.19158
 ion   20
    1    -5.06181     2.38919     0.51920
    2     3.04019    -5.18953    -0.33009
    3    -0.15989     0.19606    -2.19158