 BORN EFFECTIVE CHARGES (including local field effects) (in |e|, cummulative output)
 ---------------------------------------------------------------------------------
 ion    1
    1     3.70076    -0.00347     0.25385
    2     0.00729     3.46095    -0.00908
    3     0.46024     0.00048     4.20788
 ion    2
    1     3.70076     0.00347     0.25385
    2    -0.00729     3.46095     0.00908
    3     0.46024    -0.00048     4.20788
 ion    3
    1     4.07157     0.00430    -0.40881
    2    -0.00551     3.39637    -0.00802
    3    -0.44075     0.00435     3.26067
 ion    4
    1     4.07157    -0.00430    -0.40881
    2     0.00551     3.39637     0.00802
    3    -0.44075    -0.00435     3.26067
 ion    5
    1     3.24366    -0.00269    -0.42137
    2    -0.00434     3.39837     0.01099
    3    -0.37029     0.00275     4.08785
 ion    6
    1     3.24366     0.00269    -0.42137
    2     0.00434     3.39837    -0.01099
    3    -0.37029    -0.00275     4.08785
 ion    7
    1     4.24523    -0.00241     0.43917
    2     0.00314     3.46617     0.00737
    3     0.23251     0.00257     3.66301
 ion    8
    1     4.24523     0.00241     0.43917
    2    -0.00314     3.46617    -0.00737
    3     0.23251    -0.00257     3.66301
 ion    9
    1    10.30973     1.04382     1.86397
    2    -1.85932    11.39032     1.00059
    3    -0.35823    -1.13283     9.72219
 ion   10
    1    10.30973    -1.04382     1.86397
    2     1.85932    11.39032    -1.00059
    3    -0.35823     1.13283     9.72219
 ion   11
    1     9.80795     1.10109    -0.42159
    2    -0.96501    11.38944     1.88992
    3     1.92119    -1.07755    10.23842
 ion   12
    1     9.80795    -1.10109    -0.42159
    2     0.96501    11.38944    -1.88992
    3     1.92119     1.07755    10.23842
 ion   13
    1     9.75143     1.13750    -0.39355
    2    -0.93253    11.40527     1.84179
    3     1.93344    -1.13027    10.18825
 ion   14
    1     9.75143    -1.13750    -0.39355
    2     0.93253    11.40527    -1.84179
    3     1.93344     1.13027    10.18825
 ion   15
    1    10.32766     1.10030     1.87323
    2    -1.81169    11.40156     1.02973
    3    -0.36346    -1.13463     9.69800
 ion   16
    1    10.32766    -1.10030     1.87323
    2     1.81169    11.40156    -1.02973
    3    -0.36346     1.13463     9.69800
 ion   17
    1    -7.83419     0.37259    -0.42053
    2     0.27590    -3.21028     0.42343
    3    -0.57552     0.10461    -3.10985
 ion   18
    1    -7.83419    -0.37259    -0.42053
    2    -0.27590    -3.21028    -0.42343
    3    -0.57552    -0.10461    -3.10985
 ion   19
    1    -3.53275    -0.01477     0.55271
    2    -0.00587    -8.17160     0.02837
    3     0.03989     0.02171    -3.07334
 ion   20
    1    -3.53275     0.01477     0.55271
    2     0.00587    -8.17160    -0.02837
    3     0.03989    -0.02171    -3.07334
 ion   21
    1    -7.56500    -0.19274     0.10788
    2     0.04863    -3.14305     0.09022
    3    -0.59856     0.09365    -2.94376
 ion   22
    1    -7.56500     0.19274     0.10788
    2    -0.04863    -3.14305    -0.09022
    3    -0.59856    -0.09365    -2.94376
 ion   23
    1    -3.16267     0.12070    -0.67309
    2     0.43581    -3.19796     0.26138
    3    -0.61017     0.37097    -7.71821
 ion   24
    1    -3.16267    -0.12070    -0.67309
    2    -0.43581    -3.19796    -0.26138
    3    -0.61017    -0.37097    -7.71821
 ion   25
    1    -2.97388     0.09142    -0.77737
    2     0.09220    -3.13022     0.03498
    3    -0.09147    -0.18893    -7.53864
 ion   26
    1    -2.97388    -0.09142    -0.77737
    2    -0.09220    -3.13022    -0.03498
    3    -0.09147     0.18893    -7.53864
 ion   27
    1    -3.26415     0.01444     0.26906
    2     0.00663    -8.79899     0.00584
    3    -0.05304    -0.01564    -2.54290
 ion   28
    1    -3.26415    -0.01444     0.26906
    2    -0.00663    -8.79899    -0.00584
    3    -0.05304     0.01564    -2.54290
 ion   29
    1    -2.55588     0.01437    -0.07981
    2    -0.00097    -8.80328     0.00642
    3     0.23779    -0.00225    -3.25851
 ion   30
    1    -2.55588    -0.01437    -0.07981
    2     0.00097    -8.80328    -0.00642
    3     0.23779     0.00225    -3.25851
 ion   31
    1    -3.16033     0.11629    -0.67018
    2     0.42941    -3.20196     0.23185
    3    -0.60799     0.34640    -7.73128
 ion   32
    1    -3.16033    -0.11629    -0.67018
    2    -0.42941    -3.20196    -0.23185
    3    -0.60799    -0.34640    -7.73128
 ion   33
    1    -2.97364    -0.09596    -0.77646
    2    -0.09573    -3.13016    -0.03477
    3    -0.09884     0.18768    -7.55807
 ion   34
    1    -2.97364     0.09596    -0.77646
    2     0.09573    -3.13016     0.03477
    3    -0.09884    -0.18768    -7.55807
 ion   35
    1    -3.07467    -0.01821     0.00673
    2    -0.02032    -8.17027    -0.01131
    3     0.53039     0.00334    -3.54180
 ion   36
    1    -3.07467     0.01821     0.00673
    2     0.02032    -8.17027     0.01131
    3     0.53039    -0.00334    -3.54180
 ion   37
    1    -7.53542     0.20525     0.10079
    2    -0.01824    -3.13945    -0.09012
    3    -0.60931    -0.09665    -2.93856
 ion   38
    1    -7.53542    -0.20525     0.10079
    2     0.01824    -3.13945     0.09012
    3    -0.60931     0.09665    -2.93856
 ion   39
    1    -7.82541     0.35318    -0.42463
    2     0.25086    -3.21123     0.42090
    3    -0.57783     0.10265    -3.11134
 ion   40
    1    -7.82541    -0.35318    -0.42463
    2    -0.25086    -3.21123    -0.42090
    3    -0.57783    -0.10265    -3.11134