 BORN EFFECTIVE CHARGES (including local field effects) (in |e|, cummulative output)
 ---------------------------------------------------------------------------------
 ion    1
    1     3.22627    -0.00001    -0.00015
    2     0.00004     3.25654     0.40906
    3     0.00004     0.51846     4.11409
 ion    2
    1     3.22637     0.00013     0.00006
    2    -0.00002     3.25664    -0.40857
    3    -0.00006    -0.51888     4.11396
 ion    3
    1     3.30906    -0.00013     0.00010
    2    -0.00003     4.53667    -0.20278
    3     0.00003    -0.28369     3.68768
 ion    4
    1     3.30906    -0.00000     0.00005
    2    -0.00006     4.53659     0.20217
    3     0.00002     0.28456     3.68785
 ion    5
    1    10.11012    -0.79524    -1.83002
    2    -0.03161    11.60337    -1.02313
    3     1.96208     1.90141     9.48098
 ion    6
    1    10.11032    -0.79478     1.82881
    2    -0.03029    11.60398     1.02070
    3    -1.96139    -1.90034     9.48132
 ion    7
    1    10.11026     0.79666    -1.82971
    2     0.02926    11.60361     1.02106
    3     1.96182    -1.90003     9.48116
 ion    8
    1    10.11047     0.79619     1.82847
    2     0.02996    11.60297    -1.02343
    3    -1.96162     1.90159     9.48104
 ion    9
    1    -7.31759    -0.00013     0.00050
    2     0.00036    -3.18797     0.85588
    3    -0.00021     0.10477    -3.78448
 ion   10
    1    -7.31749    -0.00039    -0.00001
    2     0.00032    -3.18797    -0.85593
    3    -0.00020    -0.10454    -3.78428
 ion   11
    1    -7.97479    -0.00034     0.00017
    2     0.00022    -2.91693    -0.79943
    3    -0.00015    -0.35301    -3.32003
 ion   12
    1    -7.97481    -0.00022     0.00036
    2     0.00050    -2.91669     0.80016
    3    -0.00031     0.35358    -3.31994
 ion   13
    1    -2.83913    -0.21345    -0.12965
    2    -0.10613    -6.06205     2.65664
    3    -0.23151     1.94640    -4.91828
 ion   14
    1    -2.83914    -0.21368     0.12982
    2    -0.10608    -6.06155    -2.65551
    3     0.23153    -1.94698    -4.91829
 ion   15
    1    -2.83924     0.21321    -0.12988
    2     0.10649    -6.06147    -2.65535
    3    -0.23127    -1.94693    -4.91825
 ion   16
    1    -2.83945     0.21281     0.13036
    2     0.10635    -6.06192     2.65667
    3     0.23104     1.94600    -4.91826
 ion   17
    1    -2.89241    -0.56061    -0.14876
    2    -0.37518    -6.38597     2.36547
    3    -0.02677     2.20099    -4.91150
 ion   18
    1    -2.89264    -0.55980     0.14929
    2    -0.37516    -6.38592    -2.36458
    3     0.02650    -2.20204    -4.91158
 ion   19
    1    -2.89259     0.55989    -0.14971
    2     0.37582    -6.38607    -2.36458
    3    -0.02594    -2.20253    -4.91154
 ion   20
    1    -2.89266     0.55989     0.14990
    2     0.37526    -6.38587     2.36548
    3     0.02636     2.20121    -4.91164