 BORN EFFECTIVE CHARGES (including local field effects) (in |e|, cummulative output)
 ---------------------------------------------------------------------------------
 ion    1
    1     4.65046     0.58160     0.00000
    2    -0.58160     4.65046     0.00000
    3    -0.00000     0.00000     4.00406
 ion    2
    1     4.65046    -0.58160    -0.00000
    2     0.58160     4.65046     0.00000
    3     0.00000     0.00000     4.00406
 ion    3
    1     4.65046     0.58160     0.00000
    2    -0.58160     4.65046     0.00000
    3     0.00000    -0.00000     4.00406
 ion    4
    1     4.65046    -0.58160    -0.00000
    2     0.58160     4.65046     0.00000
    3    -0.00000     0.00000     4.00406
 ion    5
    1     4.65046     0.58160    -0.00000
    2    -0.58160     4.65046     0.00000
    3     0.00000     0.00000     4.00406
 ion    6
    1     4.65046    -0.58160     0.00000
    2     0.58160     4.65046     0.00000
    3    -0.00000     0.00000     4.00406
 ion    7
    1    10.32131     0.85167     0.00000
    2    -0.85167    10.32131     0.00000
    3     0.00000    -0.00000     5.94867
 ion    8
    1    10.32131    -0.85167     0.00000
    2     0.85167    10.32131     0.00000
    3     0.00000    -0.00000     5.94867
 ion    9
    1    10.32131     0.85167     0.00000
    2    -0.85167    10.32131    -0.00000
    3     0.00000     0.00000     5.94867
 ion   10
    1    10.32131    -0.85167     0.00000
    2     0.85167    10.32131    -0.00000
    3    -0.00000     0.00000     5.94867
 ion   11
    1    10.32131     0.85167     0.00000
    2    -0.85167    10.32131    -0.00000
    3     0.00000     0.00000     5.94867
 ion   12
    1    10.32131    -0.85167     0.00000
    2     0.85167    10.32131    -0.00000
    3    -0.00000     0.00000     5.94867
 ion   13
    1    -6.43436    -1.27157     1.74695
    2    -1.64773    -3.54682     0.84639
    3     1.53416     0.53237    -3.31758
 ion   14
    1    -5.53280     2.16825    -1.60647
    2     1.79209    -4.44838     1.08971
    3    -1.22813     1.06243    -3.31758
 ion   15
    1    -3.00461    -0.33244    -0.14048
    2    -0.70860    -6.97658    -1.93609
    3    -0.30603    -1.59481    -3.31758
 ion   16
    1    -3.00461     0.33244     0.14048
    2     0.70860    -6.97658    -1.93609
    3     0.30603    -1.59481    -3.31758
 ion   17
    1    -5.53280    -2.16825     1.60647
    2    -1.79209    -4.44838     1.08971
    3     1.22813     1.06243    -3.31758
 ion   18
    1    -6.43436     1.27157    -1.74695
    2     1.64773    -3.54682     0.84639
    3    -1.53416     0.53237    -3.31758
 ion   19
    1    -6.43436    -1.27157     1.74695
    2    -1.64773    -3.54682     0.84639
    3     1.53416     0.53237    -3.31758
 ion   20
    1    -5.53280     2.16825    -1.60647
    2     1.79209    -4.44838     1.08971
    3    -1.22813     1.06243    -3.31758
 ion   21
    1    -3.00461    -0.33244    -0.14048
    2    -0.70860    -6.97658    -1.93609
    3    -0.30603    -1.59481    -3.31758
 ion   22
    1    -3.00461     0.33244     0.14048
    2     0.70860    -6.97658    -1.93609
    3     0.30603    -1.59481    -3.31758
 ion   23
    1    -5.53280    -2.16825     1.60647
    2    -1.79209    -4.44838     1.08971
    3     1.22813     1.06243    -3.31758
 ion   24
    1    -6.43436     1.27157    -1.74695
    2     1.64773    -3.54682     0.84639
    3    -1.53416     0.53237    -3.31758
 ion   25
    1    -6.43436    -1.27157     1.74695
    2    -1.64773    -3.54682     0.84639
    3     1.53416     0.53237    -3.31758
 ion   26
    1    -5.53280     2.16825    -1.60647
    2     1.79209    -4.44838     1.08971
    3    -1.22813     1.06243    -3.31758
 ion   27
    1    -3.00461    -0.33244    -0.14048
    2    -0.70860    -6.97658    -1.93609
    3    -0.30603    -1.59481    -3.31758
 ion   28
    1    -3.00461     0.33244     0.14048
    2     0.70860    -6.97658    -1.93609
    3     0.30603    -1.59481    -3.31758
 ion   29
    1    -5.53280    -2.16825     1.60647
    2    -1.79209    -4.44838     1.08971
    3     1.22813     1.06243    -3.31758
 ion   30
    1    -6.43436     1.27157    -1.74695
    2     1.64773    -3.54682     0.84639
    3    -1.53416     0.53237    -3.31758