 BORN EFFECTIVE CHARGES (including local field effects) (in |e|, cummulative output)
 ---------------------------------------------------------------------------------
 ion    1
    1     4.28522    -0.00001     0.00005
    2     0.00000     5.06223     0.31649
    3     0.00001    -0.23015     7.15150
 ion    2
    1     4.28431    -0.00002    -0.00002
    2    -0.00000     5.06367    -0.31613
    3     0.00001     0.22958     7.15114
 ion    3
    1     3.92867    -0.00001    -0.00002
    2     0.00002     6.18028    -0.68045
    3    -0.00001    -0.43445     3.74500
 ion    4
    1     3.92897    -0.00003     0.00004
    2    -0.00004     6.18190     0.67979
    3    -0.00002     0.43464     3.74634
 ion    5
    1     4.27927    -0.10877     0.53833
    2    -0.56592     5.59349     0.45000
    3     0.83878    -0.00081     5.46361
 ion    6
    1     4.27929    -0.10794    -0.53817
    2    -0.56619     5.59305    -0.45004
    3    -0.83914     0.00071     5.46457
 ion    7
    1     4.27927     0.10796     0.53821
    2     0.56624     5.59305    -0.45003
    3     0.83913     0.00068     5.46456
 ion    8
    1     4.27924     0.10875    -0.53841
    2     0.56594     5.59350     0.44999
    3    -0.83873    -0.00080     5.46358
 ion    9
    1     7.65499     1.83322    -0.32433
    2    -0.41666     5.66964    -0.78826
    3     0.39981     1.14114     8.39996
 ion   10
    1     7.65341     1.83331     0.32444
    2    -0.41536     5.67140     0.78694
    3    -0.40027    -1.13992     8.39979
 ion   11
    1     7.65341    -1.83328    -0.32452
    2     0.41545     5.67107     0.78695
    3     0.40028    -1.13997     8.39979
 ion   12
    1     7.65503    -1.83323     0.32426
    2     0.41663     5.66989    -0.78821
    3    -0.39980     1.14113     8.39995
 ion   13
    1     8.13987    -1.61163    -0.49576
    2     0.15068     5.38497     1.11225
    3    -0.54072    -0.65348     8.90056
 ion   14
    1     8.14065    -1.61102     0.49615
    2     0.14938     5.38176    -1.11305
    3     0.54041     0.65333     8.90004
 ion   15
    1     8.14071     1.61101    -0.49611
    2    -0.14935     5.38108    -1.11316
    3    -0.54045     0.65333     8.90008
 ion   16
    1     8.13977     1.61167     0.49578
    2    -0.15088     5.38577     1.11215
    3     0.54067    -0.65350     8.90056
 ion   17
    1    -6.06155    -0.00001     0.00001
    2     0.00000    -4.39137    -0.30042
    3    -0.00000    -1.14625    -3.76798
 ion   18
    1    -6.06393     0.00001     0.00001
    2     0.00001    -4.39296     0.29905
    3    -0.00000     1.14673    -3.76910
 ion   19
    1    -7.10931     0.00000     0.00001
    2    -0.00000    -2.80322     0.67518
    3     0.00000     1.03909    -2.79736
 ion   20
    1    -7.10840    -0.00001    -0.00002
    2     0.00001    -2.80342    -0.67324
    3     0.00001    -1.03841    -2.79686
 ion   21
    1    -6.61373    -0.17910     0.16100
    2    -0.65570    -3.63173    -0.51389
    3     0.74408    -1.18435    -3.27442
 ion   22
    1    -6.61222    -0.17931    -0.16109
    2    -0.65528    -3.63217     0.51407
    3    -0.74395     1.18395    -3.27377
 ion   23
    1    -6.61223     0.17934     0.16109
    2     0.65529    -3.63215     0.51406
    3     0.74398     1.18397    -3.27377
 ion   24
    1    -6.61374     0.17910    -0.16100
    2     0.65571    -3.63172    -0.51391
    3    -0.74409    -1.18433    -3.27442
 ion   25
    1    -2.70348     0.01185    -0.84784
    2     0.33447    -3.54551     1.29490
    3    -0.82961     1.65787    -6.01238
 ion   26
    1    -2.70280     0.01119     0.84762
    2     0.33667    -3.54471    -1.29263
    3     0.82976    -1.65818    -6.01224
 ion   27
    1    -2.70282    -0.01119    -0.84761
    2    -0.33667    -3.54473    -1.29263
    3    -0.82976    -1.65818    -6.01223
 ion   28
    1    -2.70348    -0.01187     0.84786
    2    -0.33447    -3.54551     1.29489
    3     0.82958     1.65789    -6.01237
 ion   29
    1    -2.71933    -0.07557    -0.22911
    2    -0.09988    -3.81082     0.79004
    3     0.35010     2.16299    -4.74590
 ion   30
    1    -2.71920    -0.07569     0.22925
    2    -0.10044    -3.81059    -0.79026
    3    -0.35028    -2.16270    -4.74574
 ion   31
    1    -2.71917     0.07567    -0.22926
    2     0.10043    -3.81061    -0.79024
    3     0.35031    -2.16270    -4.74573
 ion   32
    1    -2.71931     0.07558     0.22917
    2     0.09987    -3.81081     0.79004
    3    -0.35010     2.16299    -4.74593
 ion   33
    1    -2.75788    -0.03405    -0.20243
    2    -0.03062    -3.93907     0.80211
    3     0.14566     2.05864    -4.76717
 ion   34
    1    -2.75779    -0.03436     0.20214
    2    -0.03035    -3.93850    -0.80096
    3    -0.14544    -2.05898    -4.76730
 ion   35
    1    -2.75777     0.03435    -0.20216
    2     0.03034    -3.93849    -0.80098
    3     0.14545    -2.05897    -4.76732
 ion   36
    1    -2.75791     0.03406     0.20241
    2     0.03067    -3.93906     0.80215
    3    -0.14564     2.05865    -4.76717
 ion   37
    1    -2.80102    -0.08589    -0.77916
    2     0.36068    -3.74456     1.33830
    3    -0.92141     1.77622    -6.13023
 ion   38
    1    -2.80202    -0.08526     0.77951
    2     0.35893    -3.74525    -1.33956
    3     0.92168    -1.77681    -6.13067
 ion   39
    1    -2.80198     0.08529    -0.77952
    2    -0.35893    -3.74525    -1.33958
    3    -0.92169    -1.77682    -6.13068
 ion   40
    1    -2.80101     0.08587     0.77917
    2    -0.36068    -3.74454     1.33829
    3     0.92138     1.77622    -6.13026