BORN EFFECTIVE CHARGES (including local field effects) (in |e|, cummulative output)
 ---------------------------------------------------------------------------------
 ion    1
    1     4.09452    -0.04868    -0.05290
    2     0.02645     4.13540    -0.47308
    3    -0.07953     0.06710     4.60051
 ion    2
    1     4.09453     0.04834    -0.05360
    2    -0.02547     4.13573     0.47349
    3    -0.07948    -0.06709     4.60024
 ion    3
    1     4.09452    -0.04865    -0.05290
    2     0.02645     4.13541    -0.47311
    3    -0.07964     0.06700     4.60049
 ion    4
    1     4.09448     0.04832    -0.05364
    2    -0.02550     4.13564     0.47349
    3    -0.07941    -0.06711     4.60011
 ion    5
    1    10.60736     0.92896    -0.95232
    2    -1.17155    11.75993     0.24388
    3    -0.89610    -0.39899    10.82359
 ion    6
    1    10.60639    -0.93901    -0.95106
    2     1.18451    11.75779    -0.24401
    3    -0.89684     0.39899    10.82342
 ion    7
    1    10.60737     0.92895    -0.95216
    2    -1.17150    11.75995     0.24392
    3    -0.89614    -0.39909    10.82365
 ion    8
    1    10.60633    -0.93907    -0.95115
    2     1.18449    11.75783    -0.24403
    3    -0.89677     0.39892    10.82348
 ion    9
    1    -6.04897    -2.55432     0.35921
    2    -2.84788    -6.08273     0.05568
    3     0.34771     0.15164    -3.63316
 ion   10
    1    -6.04850     2.55954     0.36060
    2     2.84096    -6.08175    -0.05657
    3     0.34782    -0.15166    -3.63241
 ion   11
    1    -6.04894    -2.55430     0.35917
    2    -2.84790    -6.08274     0.05568
    3     0.34775     0.15159    -3.63316
 ion   12
    1    -6.04852     2.55959     0.36056
    2     2.84095    -6.08176    -0.05655
    3     0.34780    -0.15164    -3.63244
 ion   13
    1    -5.40767    -2.50349     0.15696
    2    -2.44029    -6.51352     0.03174
    3     0.25818     0.15018    -3.67426
 ion   14
    1    -5.40945     2.51022     0.15826
    2     2.43210    -6.51440    -0.03088
    3     0.25744    -0.15007    -3.67408
 ion   15
    1    -5.40771    -2.50351     0.15699
    2    -2.44030    -6.51357     0.03171
    3     0.25810     0.15023    -3.67434
 ion   16
    1    -5.40950     2.51022     0.15819
    2     2.43210    -6.51440    -0.03094
    3     0.25742    -0.15011    -3.67416
 ion   17
    1    -3.24401     0.02430     0.48921
    2     0.02849    -3.29797    -0.07544
    3     0.37003    -0.19648    -8.11673
 ion   18
    1    -3.24412    -0.02580     0.48572
    2    -0.02730    -3.29847     0.07523
    3     0.37084     0.19661    -8.11705
 ion   19
    1    -3.24401     0.02427     0.48913
    2     0.02848    -3.29790    -0.07546
    3     0.36994    -0.19649    -8.11662
 ion   20
    1    -3.24411    -0.02589     0.48574
    2    -0.02729    -3.29845     0.07526
    3     0.37087     0.19647    -8.11708