 BORN EFFECTIVE CHARGES (including local field effects) (in |e|, cummulative output)
 ---------------------------------------------------------------------------------
 ion    1
    1     4.22791    -0.28979    -0.16772
    2     0.23223     4.42742    -0.22247
    3    -0.16750     0.21119     4.16747
 ion    2
    1     4.22791     0.28979    -0.16772
    2    -0.23223     4.42742     0.22247
    3    -0.16750    -0.21119     4.16747
 ion    3
    1     4.22920    -0.29028    -0.16522
    2     0.23256     4.42878    -0.22814
    3    -0.16778     0.20529     4.16653
 ion    4
    1     4.22920     0.29028    -0.16522
    2    -0.23256     4.42878     0.22814
    3    -0.16778    -0.20529     4.16653
 ion    5
    1    10.55073    -0.92375    -1.12517
    2     0.94114    11.24517    -0.51832
    3    -1.11346     0.53684     9.51388
 ion    6
    1    10.55073     0.92375    -1.12517
    2    -0.94114    11.24517     0.51832
    3    -1.11346    -0.53684     9.51388
 ion    7
    1    10.55065    -0.92585    -1.12694
    2     0.93810    11.23834    -0.53096
    3    -1.11229     0.54154     9.50947
 ion    8
    1    10.55065     0.92585    -1.12694
    2    -0.93810    11.23834     0.53096
    3    -1.11229    -0.54154     9.50947
 ion    9
    1    -3.27649     0.00975     0.28537
    2    -0.14866    -6.26914    -2.29366
    3     0.18433    -2.41425    -5.09382
 ion   10
    1    -3.27649    -0.00975     0.28537
    2     0.14866    -6.26914     2.29366
    3     0.18433     2.41425    -5.09382
 ion   11
    1    -8.15974     0.44657     0.46655
    2     0.22043    -3.57536     0.00367
    3     0.49382    -0.04879    -3.08416
 ion   12
    1    -8.15974    -0.44657     0.46655
    2    -0.22043    -3.57536    -0.00367
    3     0.49382     0.04879    -3.08416
 ion   13
    1    -3.34457     0.23852     0.53864
    2     0.39042    -5.82848    -2.43361
    3     0.60249    -2.26687    -5.49433
 ion   14
    1    -3.34457    -0.23852     0.53864
    2    -0.39042    -5.82848     2.43361
    3     0.60249     2.26687    -5.49433
 ion   15
    1    -8.15896     0.44543     0.46841
    2     0.21817    -3.57412     0.00358
    3     0.49348    -0.04678    -3.08516
 ion   16
    1    -8.15896    -0.44543     0.46841
    2    -0.21817    -3.57412    -0.00358
    3     0.49348     0.04678    -3.08516
 ion   17
    1    -3.34406    -0.23645     0.54296
    2    -0.38835    -5.82401     2.43379
    3     0.60324     2.26884    -5.49888
 ion   18
    1    -3.34406     0.23645     0.54296
    2     0.38835    -5.82401    -2.43379
    3     0.60324    -2.26884    -5.49888
 ion   19
    1    -3.27467    -0.00902     0.28314
    2     0.14802    -6.26861     2.29728
    3     0.18366     2.41836    -5.10098
 ion   20
    1    -3.27467     0.00902     0.28314
    2    -0.14802    -6.26861    -2.29728
    3     0.18366    -2.41836    -5.10098