 BORN EFFECTIVE CHARGES (including local field effects) (in |e|, cummulative output)
 ---------------------------------------------------------------------------------
 ion    1
    1     4.08379     0.75607    -0.89508
    2     0.20927     3.99756     0.45935
    3     0.27205     0.75320     3.40963
 ion    2
    1     4.08412     0.75550     0.89351
    2     0.20977     3.99772    -0.45925
    3    -0.27207    -0.75348     3.40924
 ion    3
    1     4.08361    -0.75564    -0.89480
    2    -0.20952     3.99840    -0.45958
    3     0.27178    -0.75349     3.40915
 ion    4
    1     4.08466    -0.75582     0.89380
    2    -0.20916     3.99628     0.45880
    3    -0.27215     0.75314     3.40990
 ion    5
    1     8.14326     0.20538    -0.62021
    2     2.08682     9.94881     1.95659
    3    -1.88096    -0.95596     8.99730
 ion    6
    1     8.14288     0.21092     0.61437
    2     2.07955     9.94874    -1.95617
    3     1.88421     0.95745     8.99699
 ion    7
    1     8.14300    -0.21017    -0.61696
    2    -2.07886     9.94757    -1.95523
    3    -1.88259     0.95685     8.99712
 ion    8
    1     8.14256    -0.20561     0.61803
    2    -2.08592     9.94901     1.95674
    3     1.88263    -0.95628     8.99740
 ion    9
    1    -3.79471    -1.50295     0.08480
    2    -1.69043    -5.34039     0.87135
    3     0.22177     1.03159    -2.89573
 ion   10
    1    -3.79562    -1.50512    -0.08461
    2    -1.68685    -5.34131    -0.87157
    3    -0.22166    -1.03258    -2.89595
 ion   11
    1    -3.79573     1.50570     0.08579
    2     1.68605    -5.34106    -0.87241
    3     0.22131    -1.03215    -2.89635
 ion   12
    1    -3.79447     1.50241    -0.08394
    2     1.69100    -5.34055     0.87084
    3    -0.22153     1.03206    -2.89606
 ion   13
    1    -5.38310    -2.39364     0.68925
    2    -3.07941    -5.33218     0.34343
    3     0.13547    -0.04889    -2.28707
 ion   14
    1    -5.38199    -2.39105    -0.68719
    2    -3.08315    -5.33061    -0.34232
    3    -0.13617     0.04808    -2.28812
 ion   15
    1    -5.38179     2.39036     0.68809
    2     3.08350    -5.33095    -0.34331
    3     0.13569     0.04861    -2.28834
 ion   16
    1    -5.38280     2.39456    -0.68780
    2     3.07842    -5.33187     0.34212
    3    -0.13612    -0.04819    -2.28757
 ion   17
    1    -3.04931     0.45913    -0.82096
    2     0.31000    -3.27398    -0.28230
    3    -1.14730    -0.56410    -7.22280
 ion   18
    1    -3.04996     0.46016     0.82332
    2     0.30936    -3.27355     0.28311
    3     1.14501     0.56389    -7.22291
 ion   19
    1    -3.04886    -0.46036    -0.82177
    2    -0.30970    -3.27404     0.28270
    3    -1.14602     0.56389    -7.22298
 ion   20
    1    -3.04953    -0.45984     0.82238
    2    -0.31074    -3.27360    -0.28289
    3     1.14668    -0.56363    -7.22286