 BORN EFFECTIVE CHARGES (including local field effects) (in |e|, cummulative output)
 ---------------------------------------------------------------------------------
 ion    1
    1     4.23170    -0.33032     0.30290
    2     0.36585     4.70094     0.42785
    3     0.28268    -0.50217     4.42288
 ion    2
    1     4.24600     0.34215     0.30543
    2    -0.35527     4.68758    -0.42362
    3     0.30010     0.50525     4.42122
 ion    3
    1     4.25234     0.36453     0.29997
    2    -0.34070     4.68247    -0.42389
    3     0.31183     0.50396     4.41207
 ion    4
    1     4.23802    -0.35253     0.29742
    2     0.35180     4.69538     0.42808
    3     0.29463    -0.50073     4.41384
 ion    5
    1     7.35095     0.46717     2.04670
    2    -0.47823    10.32309    -0.70255
    3     2.05025     0.73856     8.97394
 ion    6
    1     7.35229    -0.49239     2.03170
    2     0.46902    10.32492     0.71077
    3     2.06510    -0.72438     8.97111
 ion    7
    1     7.37018    -0.48014     2.03347
    2     0.42879    10.34518     0.72362
    3     2.05996    -0.71262     8.96801
 ion    8
    1     7.36866     0.45533     2.04881
    2    -0.43749    10.34300    -0.71565
    3     2.04524     0.72661     8.97095
 ion    9
    1    -2.86984    -0.17434    -1.30409
    2    -0.07789    -3.04110    -0.35913
    3    -0.95832    -0.77716    -7.50767
 ion   10
    1    -2.88725     0.17335    -1.31178
    2     0.07497    -3.04296     0.35152
    3    -0.97623     0.77132    -7.50200
 ion   11
    1    -2.89262     0.16523    -1.30898
    2     0.07423    -3.03532     0.33911
    3    -0.98521     0.76571    -7.49586
 ion   12
    1    -2.87529    -0.16640    -1.30150
    2    -0.07754    -3.03354    -0.34700
    3    -0.96789    -0.77183    -7.50168
 ion   13
    1    -4.03400     2.19124    -0.16343
    2     2.17669    -6.42495    -0.00228
    3    -0.49788     0.43480    -2.81167
 ion   14
    1    -4.68715     2.02253    -0.87604
    2     2.53170    -5.57180     0.86833
    3    -0.89135     0.76275    -3.08166
 ion   15
    1    -4.67569     2.02437    -0.87261
    2     2.52764    -5.59203     0.87586
    3    -0.87658     0.77139    -3.08531
 ion   16
    1    -4.05685     2.20254    -0.16206
    2     2.19460    -6.41669    -0.00382
    3    -0.49521     0.42953    -2.80205
 ion   17
    1    -4.68369    -2.01803    -0.87084
    2    -2.53288    -5.55336    -0.85804
    3    -0.89050    -0.76454    -3.07137
 ion   18
    1    -4.02636    -2.18152    -0.16440
    2    -2.17397    -6.41243    -0.01249
    3    -0.49880    -0.44445    -2.81462
 ion   19
    1    -4.04934    -2.19310    -0.16324
    2    -2.19222    -6.40427    -0.01087
    3    -0.49610    -0.43894    -2.80495
 ion   20
    1    -4.67206    -2.01967    -0.86744
    2    -2.52911    -5.57412    -0.86577
    3    -0.87573    -0.77304    -3.07518