 BORN EFFECTIVE CHARGES (including local field effects) (in |e|, cummulative output)
 ---------------------------------------------------------------------------------
 ion    1
    1     3.23693     0.00006    -0.00013
    2    -0.00017     2.95709     0.52213
    3     0.00025     0.37800     4.54038
 ion    2
    1     3.23677     0.00003     0.00014
    2    -0.00010     2.95766    -0.52178
    3    -0.00021    -0.37775     4.54015
 ion    3
    1     3.26287     0.00047     0.00008
    2    -0.00019     4.93309     0.09167
    3    -0.00009    -0.29132     3.52480
 ion    4
    1     3.26294     0.00047    -0.00002
    2    -0.00021     4.93278    -0.09199
    3     0.00010     0.29153     3.52478
 ion    5
    1    10.96195    -0.73519    -1.96995
    2    -0.28696     8.93389    -0.90139
    3     0.34717     0.74125     5.95678
 ion    6
    1    10.96150    -0.73491     1.96934
    2    -0.28628     8.93338     0.89758
    3    -0.34698    -0.73844     5.95705
 ion    7
    1    10.96133     0.73990    -1.96982
    2     0.28186     8.93271     0.89825
    3     0.34776    -0.73855     5.95706
 ion    8
    1    10.96168     0.73945     1.96888
    2     0.28261     8.93310    -0.90219
    3    -0.34747     0.74147     5.95687
 ion    9
    1    -7.75972    -0.00123     0.00038
    2     0.00149    -2.84504     0.27587
    3     0.00011    -0.19371    -3.54131
 ion   10
    1    -7.75964    -0.00141     0.00011
    2     0.00150    -2.84485    -0.27666
    3    -0.00018     0.19391    -3.54096
 ion   11
    1    -9.36659    -0.00134     0.00025
    2     0.00102    -2.15956    -0.56029
    3    -0.00029    -0.26771    -2.15664
 ion   12
    1    -9.36690    -0.00103     0.00034
    2     0.00102    -2.15994     0.55996
    3     0.00003     0.26784    -2.15634
 ion   13
    1    -2.79773     0.20410    -0.14537
    2     0.26995    -4.74338     2.50540
    3    -0.12881     1.36425    -3.70133
 ion   14
    1    -2.79729     0.20414     0.14543
    2     0.27017    -4.74356    -2.50350
    3     0.12886    -1.36580    -3.70165
 ion   15
    1    -2.79691    -0.20517    -0.14679
    2    -0.26916    -4.74355    -2.50367
    3    -0.12793    -1.36570    -3.70201
 ion   16
    1    -2.79741    -0.20541     0.14686
    2    -0.26877    -4.74333     2.50567
    3     0.12778     1.36410    -3.70173
 ion   17
    1    -2.85097    -0.73539    -0.02224
    2    -0.53932    -5.63241     2.00932
    3     0.32912     1.62874    -3.43879
 ion   18
    1    -2.85075    -0.73530     0.02211
    2    -0.53911    -5.63316    -2.00688
    3    -0.32909    -1.63044    -3.43925
 ion   19
    1    -2.85072     0.73416    -0.02315
    2     0.54007    -5.63275    -2.00649
    3     0.33025    -1.63054    -3.43914
 ion   20
    1    -2.85134     0.73362     0.02355
    2     0.54057    -5.63218     2.00899
    3    -0.33037     1.62889    -3.43869