 BORN EFFECTIVE CHARGES (including local field effects) (in |e|, cummulative output)
 ---------------------------------------------------------------------------------
 ion    1
    1     3.37177    -0.00009     0.00003
    2    -0.00009     3.25628    -0.38866
    3     0.00014    -0.44132     4.07718
 ion    2
    1     3.37192     0.00001     0.00018
    2     0.00008     3.25709     0.38841
    3    -0.00023     0.44153     4.07699
 ion    3
    1     3.41366    -0.00006    -0.00012
    2     0.00000     4.32257     0.16796
    3     0.00006     0.37386     3.61984
 ion    4
    1     3.41371     0.00003    -0.00006
    2     0.00009     4.32209    -0.16745
    3    -0.00001    -0.37452     3.61999
 ion    5
    1    11.11108    -0.61789     1.95104
    2    -0.02909    10.78029     0.87572
    3    -1.51641    -1.35770     9.08587
 ion    6
    1    11.11118    -0.61765    -1.94998
    2    -0.02800    10.78142    -0.87272
    3     1.51553     1.35539     9.08625
 ion    7
    1    11.11087     0.61631     1.95141
    2     0.02981    10.78169    -0.87229
    3    -1.51614     1.35553     9.08622
 ion    8
    1    11.11115     0.61589    -1.95038
    2     0.03070    10.78071     0.87548
    3     1.51583    -1.35792     9.08607
 ion    9
    1    -7.85480     0.00046    -0.00001
    2    -0.00055    -2.96915    -0.45221
    3     0.00024    -0.00776    -3.47937
 ion   10
    1    -7.85463     0.00021    -0.00064
    2    -0.00059    -2.96892     0.45200
    3     0.00030     0.00752    -3.47916
 ion   11
    1    -8.64382     0.00035    -0.00039
    2    -0.00033    -2.74713     0.49150
    3     0.00024     0.21176    -2.92060
 ion   12
    1    -8.64382     0.00044    -0.00025
    2    -0.00020    -2.74696    -0.49203
    3     0.00017    -0.21264    -2.92057
 ion   13
    1    -3.09318    -0.05131    -0.07903
    2     0.06809    -5.64485     2.63211
    3    -0.19524     1.88637    -4.86145
 ion   14
    1    -3.09318    -0.05122     0.07898
    2     0.06814    -5.64526    -2.63369
    3     0.19524    -1.88492    -4.86133
 ion   15
    1    -3.09306     0.05162    -0.07880
    2    -0.06861    -5.64525    -2.63382
    3    -0.19568    -1.88509    -4.86114
 ion   16
    1    -3.09287     0.05204     0.07833
    2    -0.06859    -5.64487     2.63194
    3     0.19595     1.88653    -4.86123
 ion   17
    1    -3.16159    -0.49730    -0.10159
    2    -0.32435    -6.06745     2.34356
    3     0.17595     2.24265    -4.87341
 ion   18
    1    -3.16138    -0.49804     0.10124
    2    -0.32429    -6.06733    -2.34471
    3    -0.17565    -2.24101    -4.87317
 ion   19
    1    -3.16148     0.49809    -0.10059
    2     0.32377    -6.06744    -2.34485
    3     0.17494    -2.24079    -4.87345
 ion   20
    1    -3.16151     0.49811     0.10066
    2     0.32402    -6.06754     2.34375
    3    -0.17523     2.24254    -4.87355